NSiteTypes =   2

SiteType   =   LJ126
NSites     =   2
# S1
x          =   0.0
y          =   0.0
z          =  -0.69505

sigma      =   3.8812
epsilon    =  59.235
mass       =  44.002
# S2
x          =   0.0
y          =   0.0
z          =   0.69505

sigma      =   3.8812
epsilon    =  59.235
mass       =  44.002

SiteType   =   Q
NSites     =   1
# S3
x          =   0.0
y          =   0.0
z          =   0.0
theta      =   0.0
phi        =   0.0
quadrupole =   5.1763
mass       =   0.0
shielding  =   0.77624

NRotAxes   =   auto
